N = 156625409140259827407528063972170236912748783594578666564916962057970836242392720881971352445517296842068006270807057160334456472879694030079320905913734841074419177736685783247764364642584053409739579361391781892951493588775252693091248638821163057435619369903595385224289686677107716987729374428945538817497
91246306330125775484041484411231389243909582184708016498949486103659883102490025851013276908535415307652645522480959296592522072052123759668574745192544452660068202817855150406910967236245503303797037216703899701993686006099661661805055447170633488650500900692473109958570216940627054513167785029780552954601
168062227495173911040487981556000422334068896775332680617026122941833253679197346864614383456445950921550255111246036424749238921905454913866318066712272191933512759096119580733316387959055062632805321580358412548134064317480168450558751535613285560235896445976888362869086186157904812599343805842002237907181
174414789416411959327130490704225171316786904617383695373745014000366540130246191138634401194375744132909729160161563773307517892894615924750653303745516135700379130489086520178586128912515679451233622083425639568905616643037996191851255868510991626763066105777132168945833671710785043413938753979820536402273
235552261347532351586091039824239218463636272804836430886646179452310445995457758489757412706038415778516635539325091938655334665798108512514950538623843497859494647745376669256399754412840086322841150070580338285203511939275233753574656143245855139427509347161150382323769619508707174979604560353784739597453
127046771851009640727629820107401625740716120628235230391733661367101579567202908979446253289146697236444012157128874261195592082660011861215778299252790417924972617355439618177542582562969268198813219151108775548753280370483958441953645829924258176419659877873854976693271226541248224471913983884425136281784
166499636260302550118117962594790259379036058654039726552543304337568270194363390663491896730708381588714269251695528517908607877877697512439125595716787565043949748543836433405879999818387150078448915898050860311599663241306132472913784499825613426132284067461515948764838352768347930597127670540481765049350
244408683235821169018305258741844047838201021725062436660884209572347967876531308224873592176251860007231507946297515953276771900338561357749401124356256706292064261392532597343591360743776415149216217131580834649234564940360475519903123247909161266813405970486493644579620562808924979220766613681385289947215
153729155365591993903423345253963104759588174865723443868412900650402193542772760120749368550544792250855044926289732410867253551345411999721205847371720396706028302739390949032847885900132220450217248297024845384198224158718630674551546544689925889284381693270487883094114206107865359512118619140077084527180
83167870318375638067826029758649511382440466660887506424104167403214840728873092086506694358516127400523687920099502670524583231969975657056121524581637241076984626032709624204740898434703760748945594497529960153485963670289427762816635069922992120809492646831741069933428408415702804621124971887904422624805
